8.306726014854335371e-01
8.189019475704206741e-01
7.081683032230036146e-01
7.127346341251119544e-01
7.663587756095888714e-01
7.830960386138936524e-01
8.010077159279284098e-01
8.563904289889582300e-01
8.601595949981689637e-01
9.481000251344791074e-01
6.916372561668560071e-01
8.865928714339162964e-01
8.890280657785695206e-01
8.281040746070722491e-01
8.272711012001174868e-01
7.942674303188201890e-01
8.248361816627054477e-01
7.926593478215433475e-01
7.902033647634820746e-01
8.370522559065849411e-01
8.629136604935367938e-01
8.682308181904778710e-01
8.270857497096462119e-01
8.456038748612365596e-01
8.287125853781810436e-01
8.778810847177078713e-01
5.077030755521763083e-01
8.119446359529514101e-01
9.236668139931958343e-01
8.924817065163341834e-01
9.081632596510498256e-01
9.555557207408916787e-01
8.923681008670381054e-01
8.738819696342765564e-01
8.934454943864060805e-01
8.451254452262840777e-01
8.095205301168048040e-01
8.756868155453711999e-01
9.062232505394984816e-01
