9.518865068015457398e-01
9.445415096926413900e-01
8.895399132494987704e-01
8.921003558107064579e-01
9.192872744024260800e-01
9.273144478819007608e-01
9.350496348261048141e-01
9.617331816741467865e-01
9.632660421536650697e-01
9.893961651626635989e-01
8.784725794028469537e-01
9.700599080699495724e-01
9.710457219709071053e-01
9.479759585185334458e-01
9.480278373802538683e-01
9.343788209532820632e-01
9.450564151178321159e-01
9.300333865048195925e-01
9.285802306070789491e-01
9.495627529593051452e-01
9.641579540735816245e-01
9.662118882380765772e-01
9.489447398127539568e-01
9.559607380266756937e-01
9.494956582501111741e-01
9.768190190385527272e-01
7.600331444395170832e-01
9.409378552071168134e-01
9.814754877650635478e-01
9.713342984787821655e-01
9.778394055713370836e-01
9.912978252254456280e-01
9.721987114245577155e-01
9.750839488466883642e-01
9.804832137579895246e-01
9.542891997127234127e-01
9.407298813466080656e-01
9.671305196682205008e-01
9.853911200259892755e-01
