7.668733049766185417e-01
7.556709227882333346e-01
6.299925910086378034e-01
6.349343600412857835e-01
6.955223673912440674e-01
7.147616799446457891e-01
7.360592017780749341e-01
7.986550344215470609e-01
8.031287790433740970e-01
9.167280798530748065e-01
6.130486247781202769e-01
8.396805914433009832e-01
8.426009480118539230e-01
7.670370110580022605e-01
7.656114176618175060e-01
7.258676524115714734e-01
7.646988880318860149e-01
7.273415302756001122e-01
7.247492889504298930e-01
7.800261999667525981e-01
8.066459322871948334e-01
8.130691439657715680e-01
7.644845504528803293e-01
7.873220741187195726e-01
7.664936318738038157e-01
8.503706378135484911e-01
4.199480070639466378e-01
7.475426754359160153e-01
9.036235097006370953e-01
8.664399199279264607e-01
8.607576293705574422e-01
9.275155646015775801e-01
8.404365854052422424e-01
8.466755799794311033e-01
8.689616255464132077e-01
7.879746558059339545e-01
7.438190987351048777e-01
8.243545324617951309e-01
8.982459515282426032e-01
