8.687048221734599007e-01
8.565924628382177719e-01
7.901320697516662772e-01
7.940029277169478039e-01
8.376248966173418520e-01
8.509525739610901418e-01
8.646618545874421580e-01
8.902000504873346376e-01
8.934666220703719741e-01
9.570356725295603439e-01
7.751414197768823344e-01
9.287272251609316465e-01
9.305500175043642797e-01
8.641476891315477138e-01
8.637549374789732504e-01
8.357929767054119718e-01
8.826862587850528019e-01
8.573695622746020373e-01
8.552430089853770845e-01
8.914902660922034983e-01
8.956579044480417195e-01
9.001899594839790630e-01
8.643712807899118777e-01
8.797329943040954614e-01
8.656755855914395337e-01
9.252135136410493121e-01
5.695158164890903318e-01
8.502024141743327323e-01
9.561824641100776789e-01
9.072139480845478055e-01
9.224844868055247504e-01
9.634120886969850250e-01
9.080569753415046463e-01
9.217742183607436912e-01
9.355136612178376332e-01
8.781667327337712159e-01
8.487649723219770070e-01
9.047975088081607886e-01
9.452558183858278396e-01
