8.952487498958479062e-01
9.174045115285558438e-01
8.460375314931212198e-01
8.492431251844685391e-01
8.842469550637497289e-01
8.947647212162308517e-01
9.052007194027777981e-01
9.134884247964523141e-01
9.163338387021322529e-01
9.804030048818527243e-01
8.327992529691807810e-01
9.533224164073140772e-01
9.546930236812071202e-01
9.222437915409378295e-01
9.221745410348511918e-01
9.034893896440177041e-01
9.188181616656081463e-01
8.989636184140090691e-01
8.971555733793870058e-01
9.251833979064535418e-01
9.180924827851154602e-01
9.219832967815353442e-01
9.230836990800488362e-01
9.329457130258876907e-01
9.238837431385357180e-01
9.429844735489023577e-01
6.911358370258874340e-01
9.127282862877005298e-01
9.677243216058588615e-01
9.517954835109431189e-01
9.614760231221127773e-01
9.836667128278895333e-01
9.528029658695663651e-01
9.397029708938304804e-01
9.509520095738185352e-01
9.311494267555611160e-01
8.765334748731006265e-01
9.245933759853720568e-01
9.738192429725860411e-01
