8.031399999999999650e-01
7.669599999999999751e-01
5.863800000000000123e-01
9.893600000000000172e-01
5.997500000000000053e-01
6.997200000000000086e-01
9.667999999999999927e-01
6.675100000000000477e-01
6.599699999999999456e-01
8.247700000000000031e-01
5.856999999999999984e-01
6.329900000000000526e-01
8.999000000000000332e-01
9.553700000000000525e-01
9.633699999999999486e-01
7.551299999999999679e-01
8.926199999999999690e-01
7.314899999999999736e-01
9.568900000000000183e-01
8.038100000000000245e-01
7.288599999999999524e-01
6.401400000000000423e-01
7.420099999999999474e-01
8.411800000000000388e-01
9.604500000000000259e-01
9.709900000000000198e-01
7.618500000000000272e-01
6.132499999999999618e-01
7.706600000000000117e-01
6.982300000000000173e-01
7.277000000000000135e-01
8.023200000000000331e-01
9.081599999999999673e-01
9.666400000000000547e-01
7.062399999999999789e-01
8.570699999999999985e-01
8.810599999999999543e-01
9.860700000000000021e-01
9.824100000000000055e-01
9.829200000000000159e-01
6.823700000000000321e-01
7.535699999999999621e-01
8.924600000000000311e-01
7.697000000000000508e-01
7.829199999999999493e-01
9.015499999999999625e-01
9.724099999999999966e-01
8.725199999999999623e-01
9.052000000000000046e-01
6.872200000000000530e-01
5.903899999999999704e-01
9.456999999999999851e-01
6.926600000000000534e-01
7.738000000000000433e-01
9.788799999999999724e-01
9.876500000000000279e-01
7.266099999999999781e-01
6.555299999999999461e-01
9.554500000000000215e-01
9.160000000000000364e-01
6.025199999999999445e-01
8.621900000000000119e-01
8.727899999999999547e-01
6.184600000000000097e-01
6.953200000000000491e-01
7.978100000000000191e-01
6.806400000000000228e-01
6.220200000000000173e-01
5.966200000000000392e-01
7.943299999999999805e-01
6.665699999999999958e-01
7.169299999999999562e-01
8.280100000000000238e-01
7.891099999999999781e-01
6.107000000000000206e-01
7.938600000000000101e-01
6.629899999999999682e-01
6.068200000000000260e-01
9.406600000000000517e-01
9.854699999999999571e-01
7.906400000000000095e-01
6.865900000000000336e-01
6.069900000000000295e-01
7.659899999999999487e-01
9.141700000000000381e-01
7.154899999999999594e-01
6.473200000000000065e-01
5.803899999999999615e-01
8.758899999999999464e-01
8.533800000000000274e-01
9.526200000000000223e-01
7.762400000000000411e-01
6.313100000000000378e-01
8.861499999999999932e-01
8.025099999999999456e-01
7.215599999999999792e-01
7.470499999999999918e-01
6.756299999999999528e-01
7.809199999999999475e-01
7.094399999999999595e-01
9.781800000000000495e-01
6.172100000000000364e-01
7.462800000000000544e-01
6.201200000000000045e-01
6.676699999999999857e-01
6.855900000000000327e-01
6.117799999999999905e-01
9.523300000000000098e-01
8.884900000000000020e-01
6.374999999999999556e-01
9.075299999999999478e-01
8.057100000000000373e-01
9.254499999999999948e-01
5.970900000000000096e-01
8.750099999999999545e-01
5.872300000000000297e-01
9.903499999999999526e-01
9.266199999999999992e-01
7.592799999999999550e-01
6.291900000000000270e-01
9.394000000000000128e-01
6.425100000000000255e-01
9.124400000000000288e-01
9.681699999999999751e-01
9.212000000000000188e-01
9.859900000000000331e-01
8.319900000000000073e-01
6.781000000000000361e-01
9.106300000000000505e-01
6.277800000000000047e-01
8.206999999999999851e-01
9.242500000000000160e-01
6.753599999999999604e-01
9.877000000000000224e-01
5.956099999999999728e-01
9.808299999999999796e-01
7.745699999999999807e-01
9.469800000000000439e-01
8.724699999999999678e-01
9.069000000000000394e-01
9.240800000000000125e-01
6.555499999999999661e-01
7.008100000000000440e-01
5.976700000000000346e-01
9.075999999999999623e-01
9.857099999999999751e-01
7.745100000000000318e-01
7.703900000000000192e-01
5.764099999999999779e-01
8.476500000000000146e-01
6.180900000000000283e-01
7.702700000000000102e-01
6.203699999999999770e-01
6.413400000000000212e-01
6.655200000000000005e-01
7.156400000000000539e-01
7.164000000000000368e-01
8.709700000000000220e-01
9.572500000000000453e-01
6.428000000000000380e-01
9.022000000000000020e-01
5.793199999999999461e-01
7.087999999999999856e-01
8.461999999999999522e-01
8.810099999999999598e-01
9.197899999999999965e-01
6.162999999999999590e-01
6.466199999999999726e-01
9.850100000000000522e-01
9.113799999999999679e-01
6.001999999999999558e-01
8.391999999999999460e-01
7.983500000000000041e-01
6.906700000000000061e-01
9.603300000000000169e-01
9.793300000000000338e-01
6.621899999999999453e-01
7.797899999999999832e-01
7.762900000000000356e-01
8.691100000000000492e-01
9.076400000000000023e-01
7.302199999999999802e-01
6.054000000000000492e-01
7.951599999999999779e-01
5.900300000000000544e-01
9.845699999999999452e-01
7.709200000000000497e-01
5.830100000000000282e-01
7.674299999999999455e-01
9.829900000000000304e-01
6.571000000000000174e-01
9.412700000000000511e-01
5.852800000000000225e-01
9.729499999999999815e-01
6.264600000000000168e-01
7.333100000000000174e-01
9.802600000000000202e-01
7.700700000000000323e-01
7.070100000000000273e-01
8.053200000000000358e-01
8.766500000000000403e-01
7.967400000000000038e-01
5.984699999999999465e-01
7.220199999999999951e-01
9.632300000000000306e-01
7.798199999999999577e-01
9.644500000000000295e-01
7.230199999999999960e-01
7.793900000000000272e-01
9.637900000000000356e-01
5.836000000000000076e-01
5.875599999999999712e-01
8.802200000000000024e-01
9.737400000000000500e-01
8.217200000000000060e-01
6.549899999999999611e-01
6.602799999999999780e-01
8.727399999999999602e-01
6.535499999999999643e-01
7.666100000000000136e-01
8.436399999999999455e-01
8.927100000000000035e-01
9.156499999999999639e-01
9.043299999999999672e-01
7.083300000000000152e-01
8.811900000000000288e-01
6.169999999999999929e-01
9.559400000000000119e-01
6.799500000000000544e-01
9.487200000000000077e-01
6.202900000000000080e-01
7.385199999999999543e-01
9.124200000000000088e-01
8.230800000000000338e-01
7.085299999999999931e-01
5.974899999999999656e-01
7.094799999999999995e-01
6.938800000000000523e-01
8.218699999999999894e-01
7.084099999999999842e-01
6.244199999999999751e-01
9.268899999999999917e-01
9.051099999999999701e-01
7.000499999999999501e-01
7.404699999999999616e-01
9.559400000000000119e-01
7.779399999999999649e-01
9.809400000000000341e-01
7.066999999999999948e-01
9.738799999999999679e-01
7.069600000000000328e-01
6.140700000000000047e-01
9.555299999999999905e-01
6.972699999999999454e-01
9.562500000000000444e-01
9.432599999999999874e-01
6.013600000000000056e-01
7.237200000000000299e-01
8.687200000000000477e-01
9.030500000000000194e-01
9.468400000000000150e-01
9.348800000000000443e-01
9.510300000000000420e-01
7.911099999999999799e-01
6.196800000000000086e-01
8.147699999999999942e-01
9.214799999999999658e-01
6.617899999999999894e-01
8.140500000000000513e-01
8.829200000000000381e-01
9.041099999999999692e-01
6.412299999999999667e-01
7.680299999999999905e-01
6.555600000000000316e-01
9.663899999999999713e-01
9.333599999999999675e-01
9.861999999999999655e-01
9.779999999999999805e-01
8.052200000000000468e-01
6.790800000000000169e-01
7.942900000000000515e-01
9.530399999999999983e-01
9.238800000000000345e-01
6.293699999999999850e-01
8.099100000000000188e-01
9.689100000000000490e-01
8.845699999999999674e-01
9.378300000000000525e-01
7.051300000000000345e-01
9.453000000000000291e-01
6.205300000000000260e-01
8.475800000000000001e-01
9.511500000000000510e-01
8.719400000000000484e-01
6.070200000000000040e-01
5.983000000000000540e-01
5.935700000000000420e-01
9.573599999999999888e-01
7.846600000000000241e-01
8.767099999999999893e-01
9.233500000000000041e-01
6.211100000000000509e-01
7.142600000000000060e-01
7.066000000000000059e-01
8.448499999999999899e-01
6.905099999999999572e-01
8.514000000000000457e-01
8.639299999999999757e-01
6.249900000000000455e-01
6.967499999999999805e-01
6.340500000000000025e-01
5.909900000000000153e-01
7.028299999999999548e-01
6.223999999999999533e-01
7.627199999999999536e-01
8.494099999999999984e-01
6.777499999999999636e-01
7.970399999999999707e-01
9.210899999999999643e-01
6.526399999999999979e-01
7.936800000000000521e-01
9.901999999999999691e-01
9.782300000000000439e-01
8.792799999999999505e-01
5.921399999999999997e-01
6.268599999999999728e-01
6.285199999999999676e-01
9.000399999999999512e-01
8.583100000000000174e-01
6.169000000000000039e-01
7.055599999999999650e-01
7.482699999999999907e-01
7.301400000000000112e-01
7.860700000000000465e-01
6.877699999999999925e-01
8.948000000000000398e-01
8.104599999999999582e-01
7.115000000000000213e-01
7.968899999999999872e-01
8.408999999999999808e-01
8.647500000000000187e-01
6.814400000000000457e-01
5.932500000000000551e-01
8.352699999999999569e-01
6.611599999999999699e-01
7.748699999999999477e-01
8.195099999999999607e-01
7.625399999999999956e-01
8.861799999999999677e-01
7.791200000000000347e-01
6.149999999999999911e-01
7.532699999999999951e-01
7.463999999999999524e-01
5.864800000000000013e-01
6.348899999999999544e-01
8.461699999999999777e-01
9.248600000000000154e-01
6.495900000000000007e-01
5.933000000000000496e-01
8.446200000000000374e-01
6.540000000000000258e-01
8.384000000000000341e-01
7.322999999999999510e-01
7.014299999999999979e-01
6.117299999999999960e-01
7.936600000000000321e-01
9.557499999999999885e-01
6.419799999999999951e-01
7.465100000000000069e-01
6.247200000000000530e-01
7.995700000000000029e-01
9.642899999999999805e-01
7.957400000000000029e-01
6.312299999999999578e-01
7.173300000000000232e-01
8.668400000000000549e-01
7.749200000000000532e-01
6.293199999999999905e-01
9.433000000000000274e-01
6.739100000000000090e-01
7.805100000000000371e-01
9.744000000000000439e-01
8.549799999999999622e-01
8.762999999999999678e-01
9.672100000000000142e-01
9.112700000000000244e-01
9.084999999999999742e-01
7.864900000000000224e-01
9.782699999999999729e-01
7.360499999999999821e-01
6.429399999999999560e-01
7.108299999999999619e-01
5.778900000000000148e-01
6.701899999999999524e-01
8.034599999999999520e-01
6.330900000000000416e-01
9.826799999999999979e-01
7.829099999999999948e-01
7.809899999999999620e-01
8.499200000000000088e-01
7.730099999999999749e-01
5.969900000000000206e-01
7.629700000000000371e-01
5.819999999999999618e-01
7.006000000000000005e-01
7.654699999999999838e-01
7.091300000000000381e-01
9.498999999999999666e-01
8.140600000000000058e-01
6.305800000000000294e-01
6.035199999999999454e-01
7.894200000000000106e-01
7.969300000000000272e-01
5.970999999999999641e-01
8.569700000000000095e-01
7.565600000000000103e-01
7.805299999999999461e-01
7.913700000000000179e-01
7.123599999999999932e-01
8.594800000000000217e-01
7.479500000000000037e-01
9.475400000000000489e-01
7.657500000000000417e-01
8.975499999999999590e-01
6.890199999999999658e-01
8.061300000000000132e-01
6.793000000000000149e-01
7.052300000000000235e-01
6.571299999999999919e-01
7.856100000000000305e-01
9.758099999999999552e-01
9.875099999999999989e-01
9.026199999999999779e-01
9.121899999999999453e-01
6.420099999999999696e-01
6.099900000000000322e-01
7.992200000000000415e-01
9.564700000000000424e-01
5.867400000000000393e-01
9.700400000000000134e-01
8.438099999999999490e-01
6.242100000000000426e-01
8.994299999999999518e-01
9.897799999999999931e-01
8.804100000000000259e-01
8.102000000000000313e-01
8.689099999999999602e-01
8.967800000000000216e-01
8.704899999999999860e-01
8.316000000000000059e-01
7.952700000000000324e-01
5.806499999999999995e-01
5.845700000000000340e-01
8.780400000000000427e-01
9.775599999999999845e-01
8.420699999999999852e-01
9.717000000000000082e-01
8.310699999999999754e-01
7.202199999999999713e-01
6.024000000000000465e-01
9.424000000000000155e-01
5.788999999999999702e-01
9.508499999999999730e-01
9.233299999999999841e-01
9.850499999999999812e-01
9.326600000000000446e-01
8.303000000000000380e-01
7.774100000000000454e-01
6.854400000000000492e-01
8.748000000000000220e-01
9.298999999999999488e-01
9.848799999999999777e-01
7.143300000000000205e-01
7.461400000000000254e-01
7.599399999999999489e-01
8.861400000000000388e-01
6.391000000000000014e-01
6.121400000000000174e-01
8.792699999999999960e-01
8.023700000000000276e-01
6.546899999999999942e-01
7.740099999999999758e-01
9.015199999999999880e-01
6.542599999999999527e-01
7.620900000000000452e-01
5.931300000000000461e-01
7.599799999999999889e-01
9.669200000000000017e-01
8.491300000000000514e-01
7.914900000000000269e-01
9.853300000000000392e-01
6.067599999999999660e-01
6.971699999999999564e-01
8.423599999999999977e-01
8.143899999999999473e-01
7.643400000000000194e-01
7.070800000000000418e-01
9.588900000000000201e-01
9.755700000000000482e-01
6.944700000000000317e-01
7.898699999999999610e-01
9.546200000000000241e-01
7.977699999999999791e-01
9.825099999999999945e-01
7.340799999999999548e-01
7.107499999999999929e-01
9.560899999999999954e-01
6.295699999999999630e-01
7.256899999999999462e-01
7.495100000000000096e-01
9.662500000000000533e-01
5.985200000000000520e-01
9.861900000000000110e-01
8.411899999999999933e-01
7.851099999999999746e-01
6.785700000000000065e-01
9.719600000000000461e-01
5.972499999999999476e-01
7.673499999999999766e-01
5.958200000000000163e-01
7.468399999999999483e-01
7.319900000000000295e-01
6.374699999999999811e-01
9.160300000000000109e-01
8.310999999999999499e-01
6.032999999999999474e-01
8.178999999999999604e-01
7.571499999999999897e-01
7.692400000000000349e-01
8.944600000000000328e-01
9.868000000000000105e-01
6.828899999999999970e-01
6.746499999999999719e-01
7.690599999999999659e-01
7.607199999999999518e-01
8.729900000000000437e-01
7.637199999999999545e-01
8.534199999999999564e-01
5.861499999999999488e-01
6.176500000000000323e-01
9.224499999999999922e-01
7.223100000000000076e-01
9.250099999999999989e-01
9.780600000000000405e-01
7.139400000000000190e-01
7.105700000000000349e-01
8.937100000000000044e-01
6.403900000000000148e-01
7.157999999999999918e-01
9.623000000000000442e-01
6.756199999999999983e-01
9.895800000000000152e-01
6.974399999999999489e-01
9.875500000000000389e-01
9.129500000000000393e-01
7.600599999999999579e-01
7.814200000000000035e-01
5.904300000000000104e-01
9.322099999999999831e-01
9.850200000000000067e-01
9.366700000000000026e-01
7.964099999999999513e-01
7.781799999999999828e-01
6.947799999999999532e-01
7.663699999999999957e-01
6.128700000000000259e-01
7.699799999999999978e-01
6.583499999999999908e-01
9.760199999999999987e-01
8.967699999999999561e-01
7.691099999999999604e-01
9.699799999999999534e-01
6.288399999999999546e-01
9.101099999999999746e-01
7.673900000000000166e-01
6.496100000000000207e-01
8.578200000000000269e-01
9.891699999999999937e-01
8.545500000000000318e-01
6.028599999999999515e-01
7.459799999999999764e-01
8.564899999999999736e-01
7.621700000000000141e-01
6.912000000000000366e-01
8.864100000000000312e-01
8.837699999999999445e-01
7.986900000000000110e-01
5.931499999999999551e-01
8.124700000000000255e-01
9.119199999999999529e-01
7.607000000000000428e-01
6.367800000000000127e-01
6.091800000000000548e-01
7.062199999999999589e-01
5.954800000000000093e-01
7.732499999999999929e-01
6.161999999999999700e-01
6.277599999999999847e-01
8.292500000000000426e-01
7.508399999999999519e-01
9.555299999999999905e-01
6.170200000000000129e-01
8.865199999999999747e-01
9.122900000000000453e-01
5.990999999999999659e-01
6.133499999999999508e-01
9.065600000000000325e-01
7.002399999999999736e-01
5.919200000000000017e-01
7.338500000000000023e-01
9.219899999999999762e-01
8.099800000000000333e-01
7.842900000000000427e-01
6.006200000000000427e-01
9.499400000000000066e-01
6.686699999999999866e-01
5.796499999999999986e-01
9.580600000000000227e-01
8.767300000000000093e-01
7.596899999999999764e-01
9.112000000000000099e-01
6.255699999999999594e-01
9.576400000000000468e-01
8.521499999999999631e-01
7.610999999999999988e-01
7.932399999999999451e-01
8.609499999999999931e-01
6.156700000000000506e-01
6.433299999999999574e-01
5.941899999999999959e-01
6.935599999999999543e-01
9.330500000000000460e-01
6.923899999999999499e-01
5.890400000000000080e-01
6.781000000000000361e-01
8.120399999999999840e-01
7.755600000000000271e-01
9.297400000000000109e-01
6.724099999999999522e-01
6.685200000000000031e-01
8.032899999999999485e-01
9.223999999999999977e-01
6.291700000000000070e-01
9.081099999999999728e-01
8.583699999999999664e-01
9.021200000000000330e-01
9.435599999999999543e-01
9.886300000000000088e-01
6.970600000000000129e-01
9.767700000000000271e-01
7.834200000000000053e-01
6.225899999999999768e-01
5.937700000000000200e-01
6.858699999999999797e-01
9.590999999999999526e-01
6.597199999999999731e-01
9.221899999999999542e-01
9.124400000000000288e-01
6.903599999999999737e-01
8.969899999999999540e-01
9.562199999999999589e-01
8.810700000000000198e-01
8.710900000000000309e-01
6.370200000000000307e-01
9.831199999999999939e-01
8.912999999999999812e-01
6.511500000000000066e-01
6.788100000000000245e-01
6.211400000000000254e-01
9.261700000000000488e-01
9.338800000000000434e-01
6.505400000000000071e-01
6.194899999999999851e-01
7.489200000000000301e-01
7.591099999999999515e-01
6.471999999999999975e-01
8.603300000000000392e-01
8.497700000000000253e-01
6.886200000000000099e-01
6.600099999999999856e-01
6.467000000000000526e-01
8.545800000000000063e-01
9.855599999999999916e-01
8.996600000000000152e-01
6.131699999999999928e-01
7.607199999999999518e-01
6.107900000000000551e-01
9.357900000000000107e-01
6.025000000000000355e-01
7.780200000000000449e-01
6.526499999999999524e-01
9.239899999999999780e-01
9.737099999999999644e-01
6.042199999999999793e-01
9.668700000000000072e-01
6.817499999999999671e-01
6.635499999999999732e-01
6.191999999999999726e-01
9.059099999999999930e-01
5.923599999999999977e-01
6.269200000000000328e-01
8.793499999999999650e-01
7.304399999999999782e-01
6.838300000000000489e-01
6.736900000000000110e-01
6.263499999999999623e-01
6.757800000000000473e-01
9.867799999999999905e-01
8.286900000000000377e-01
7.652999999999999803e-01
8.440699999999999870e-01
9.578400000000000247e-01
5.917700000000000182e-01
9.070799999999999974e-01
9.620100000000000318e-01
6.166099999999999914e-01
8.932799999999999629e-01
8.591900000000000093e-01
6.778699999999999726e-01
9.132599999999999607e-01
6.600300000000000056e-01
9.713699999999999557e-01
6.764099999999999557e-01
9.876000000000000334e-01
8.600499999999999812e-01
6.656900000000000039e-01
9.559699999999999864e-01
9.522699999999999498e-01
8.601799999999999446e-01
6.751000000000000334e-01
9.016699999999999715e-01
8.094299999999999828e-01
6.018299999999999761e-01
6.824000000000000066e-01
7.069699999999999873e-01
8.512999999999999456e-01
7.630900000000000460e-01
8.989000000000000323e-01
7.689799999999999969e-01
9.206999999999999629e-01
9.408100000000000351e-01
8.624399999999999844e-01
8.747700000000000475e-01
9.385400000000000409e-01
7.057200000000000140e-01
5.859100000000000419e-01
9.875500000000000389e-01
7.077799999999999647e-01
8.809700000000000308e-01
9.305999999999999828e-01
7.909800000000000164e-01
7.283500000000000529e-01
7.572100000000000497e-01
8.817700000000000538e-01
6.762799999999999923e-01
9.049199999999999466e-01
5.880400000000000071e-01
7.943099999999999605e-01
9.082700000000000218e-01
8.104299999999999837e-01
5.964199999999999502e-01
7.192199999999999704e-01
6.841199999999999504e-01
8.823499999999999677e-01
7.593400000000000150e-01
7.809199999999999475e-01
9.760699999999999932e-01
6.257899999999999574e-01
7.258999999999999897e-01
9.221300000000000052e-01
9.837599999999999678e-01
8.471800000000000441e-01
7.326099999999999834e-01
6.752200000000000424e-01
7.423300000000000454e-01
6.129200000000000204e-01
8.184200000000000363e-01
7.516699999999999493e-01
7.445899999999999741e-01
8.368799999999999573e-01
6.222900000000000098e-01
7.627000000000000446e-01
8.860900000000000443e-01
9.225999999999999757e-01
9.214700000000000113e-01
7.183300000000000241e-01
7.024000000000000243e-01
6.231900000000000217e-01
7.606199999999999628e-01
6.604600000000000470e-01
9.526000000000000023e-01
6.046700000000000408e-01
7.844499999999999806e-01
8.010099999999999998e-01
9.883600000000000163e-01
9.110099999999999865e-01
6.645600000000000396e-01
6.199299999999999811e-01
7.334199999999999608e-01
8.018899999999999917e-01
8.321499999999999453e-01
7.618200000000000527e-01
7.800899999999999501e-01
9.674099999999999921e-01
6.511700000000000266e-01
5.928400000000000336e-01
7.760899999999999466e-01
5.932100000000000151e-01
9.144999999999999796e-01
7.743499999999999828e-01
8.759900000000000464e-01
6.039200000000000124e-01
9.465599999999999570e-01
8.162800000000000056e-01
8.283800000000000052e-01
7.784999999999999698e-01
7.395599999999999952e-01
8.008800000000000363e-01
8.038899999999999935e-01
6.218900000000000539e-01
7.626399999999999846e-01
7.641599999999999504e-01
9.584099999999999842e-01
8.187100000000000488e-01
6.672000000000000153e-01
8.227799999999999558e-01
9.553599999999999870e-01
9.219300000000000272e-01
6.735400000000000276e-01
7.532499999999999751e-01
6.092300000000000493e-01
7.018699999999999939e-01
6.897600000000000398e-01
7.382300000000000528e-01
9.635599999999999721e-01
9.566400000000000459e-01
8.434599999999999875e-01
7.292199999999999793e-01
6.302400000000000224e-01
6.104100000000000081e-01
6.090900000000000203e-01
9.443500000000000227e-01
9.094299999999999606e-01
7.770500000000000185e-01
8.265299999999999869e-01
9.463300000000000045e-01
9.689200000000000035e-01
9.900799999999999601e-01
8.526799999999999935e-01
6.410200000000000342e-01
9.576299999999999812e-01
8.591299999999999493e-01
8.044400000000000439e-01
8.104599999999999582e-01
7.862799999999999789e-01
7.324899999999999745e-01
9.316400000000000237e-01
6.524999999999999689e-01
8.749599999999999600e-01
7.875499999999999723e-01
9.082200000000000273e-01
9.184099999999999486e-01
6.553099999999999481e-01
7.487399999999999611e-01
5.907799999999999718e-01
8.015600000000000502e-01
5.982399999999999940e-01
6.243900000000000006e-01
8.739299999999999846e-01
9.601499999999999480e-01
5.908400000000000318e-01
8.174799999999999844e-01
8.121699999999999475e-01
8.349900000000000100e-01
8.601400000000000157e-01
9.209800000000000209e-01
9.769999999999999796e-01
9.226400000000000157e-01
9.881499999999999728e-01
5.970600000000000351e-01
8.739999999999999991e-01
7.690700000000000314e-01
8.588599999999999568e-01
6.894400000000000528e-01
9.153200000000000225e-01
8.554599999999999982e-01
8.249699999999999811e-01
8.051500000000000323e-01
8.833100000000000396e-01
9.694300000000000139e-01
7.417500000000000204e-01
7.476099999999999968e-01
8.630499999999999838e-01
7.175000000000000266e-01
9.267900000000000027e-01
7.975700000000000012e-01
9.907200000000000450e-01
8.065799999999999637e-01
7.507800000000000029e-01
7.237099999999999644e-01
5.901699999999999724e-01
7.256899999999999462e-01
7.506399999999999739e-01
9.874600000000000044e-01
7.911000000000000254e-01
6.518800000000000150e-01
9.223299999999999832e-01
7.758300000000000196e-01
8.869500000000000162e-01
5.877400000000000402e-01
8.651900000000000146e-01
7.781200000000000339e-01
7.970599999999999907e-01
8.214200000000000390e-01
8.645100000000000007e-01
6.097599999999999687e-01
9.173700000000000188e-01
8.097999999999999643e-01
7.107799999999999674e-01
7.497000000000000330e-01
9.182299999999999907e-01
9.369499999999999496e-01
7.228200000000000180e-01
6.833900000000000530e-01
8.082899999999999530e-01
6.340099999999999625e-01
6.024899999999999700e-01
6.360299999999999843e-01
7.965999999999999748e-01
7.038200000000000012e-01
7.750799999999999912e-01
6.399799999999999933e-01
7.200299999999999478e-01
8.445899999999999519e-01
7.592999999999999750e-01
8.549200000000000133e-01
6.923300000000000010e-01
6.010699999999999932e-01
6.210499999999999909e-01
8.232699999999999463e-01
8.678099999999999703e-01
9.567200000000000149e-01
9.322000000000000286e-01
8.923900000000000166e-01
9.403599999999999737e-01
7.183100000000000041e-01
7.990599999999999925e-01
6.868900000000000006e-01
7.149400000000000199e-01
9.875800000000000134e-01
5.980400000000000160e-01
8.123000000000000220e-01
9.705099999999999838e-01
9.731600000000000250e-01
8.458700000000000108e-01
6.643400000000000416e-01
9.369199999999999751e-01
6.202999999999999625e-01
9.863300000000000400e-01
9.204400000000000359e-01
9.638400000000000301e-01
6.440700000000000314e-01
8.971200000000000285e-01
6.827800000000000535e-01
9.805599999999999872e-01
9.818200000000000260e-01
6.420799999999999841e-01
7.332400000000000029e-01
6.847499999999999698e-01
6.961300000000000265e-01
9.523599999999999843e-01
9.878599999999999604e-01
9.051399999999999446e-01
5.795000000000000151e-01
9.892699999999999827e-01
5.942100000000000160e-01
7.118200000000000083e-01
6.394499999999999629e-01
7.685600000000000209e-01
8.736599999999999921e-01
7.610099999999999643e-01
6.047599999999999643e-01
8.861900000000000333e-01
7.740000000000000213e-01
8.712100000000000399e-01
7.818599999999999994e-01
6.153999999999999471e-01
9.250500000000000389e-01
8.359900000000000109e-01
8.382600000000000051e-01
7.173599999999999977e-01
9.461899999999999755e-01
8.666399999999999659e-01
9.251500000000000279e-01
7.007400000000000295e-01
9.855199999999999516e-01
9.574799999999999978e-01
9.590899999999999981e-01
8.134299999999999864e-01
9.635099999999999776e-01
8.911200000000000232e-01
7.093199999999999505e-01
7.524899999999999922e-01
8.237700000000000022e-01
9.078899999999999748e-01
6.357300000000000173e-01
7.815600000000000325e-01
9.634500000000000286e-01
7.766600000000000170e-01
6.179400000000000448e-01
7.876800000000000468e-01
6.326800000000000201e-01
8.801600000000000534e-01
8.928099999999999925e-01
6.159799999999999720e-01
9.847599999999999687e-01
5.809100000000000374e-01
6.294300000000000450e-01
7.100600000000000245e-01
7.744299999999999518e-01
7.005099999999999660e-01
7.096999999999999975e-01
7.728599999999999914e-01
6.250599999999999490e-01
5.900600000000000289e-01
7.205200000000000493e-01
6.837999999999999634e-01
6.427599999999999980e-01
6.537899999999999823e-01
9.756000000000000227e-01
7.034099999999999797e-01
5.830300000000000482e-01
6.164600000000000080e-01
6.301600000000000534e-01
9.236299999999999510e-01
8.334000000000000297e-01
7.481799999999999562e-01
7.481799999999999562e-01
8.634500000000000508e-01
9.436099999999999488e-01
8.962499999999999911e-01
6.928699999999999859e-01
6.731399999999999606e-01
8.132599999999999829e-01
7.467200000000000504e-01
9.822600000000000220e-01
6.842300000000000049e-01
8.009699999999999598e-01
6.765400000000000302e-01
6.179400000000000448e-01
6.924900000000000500e-01
6.195399999999999796e-01
6.901300000000000212e-01
8.506099999999999772e-01
9.845000000000000417e-01
6.494400000000000173e-01
5.947500000000000009e-01
8.299900000000000055e-01
7.714900000000000091e-01
8.349600000000000355e-01
9.176499999999999657e-01
6.227700000000000458e-01
8.532199999999999784e-01
8.816399999999999793e-01
8.872700000000000031e-01
9.836399999999999588e-01
9.849400000000000377e-01
9.587200000000000166e-01
9.826799999999999979e-01
8.717799999999999994e-01
7.369599999999999485e-01
8.807000000000000384e-01
7.579000000000000181e-01
8.860799999999999788e-01
8.325399999999999467e-01
9.589900000000000091e-01
9.666500000000000092e-01
6.749100000000000099e-01
6.534400000000000208e-01
9.878000000000000114e-01
6.682200000000000362e-01
6.651899999999999480e-01
6.123499999999999499e-01
8.555399999999999672e-01
8.924900000000000055e-01
9.200199999999999489e-01
7.938199999999999701e-01
9.243799999999999795e-01
6.952500000000000346e-01
9.119800000000000129e-01
8.608799999999999786e-01
6.231700000000000017e-01
8.028399999999999981e-01
9.558100000000000485e-01
9.516099999999999559e-01
9.011799999999999811e-01
5.817499999999999893e-01
6.647999999999999465e-01
7.919000000000000483e-01
9.443000000000000282e-01
6.985999999999999988e-01
9.246999999999999664e-01
7.450599999999999445e-01
9.456400000000000361e-01
7.991300000000000070e-01
8.897500000000000409e-01
8.392100000000000115e-01
7.947699999999999765e-01
6.474400000000000155e-01
8.621600000000000374e-01
9.490199999999999747e-01
6.492200000000000193e-01
7.109999999999999654e-01
9.553099999999999925e-01
5.938400000000000345e-01
5.878700000000000037e-01
8.208800000000000541e-01
6.950699999999999656e-01
7.783499999999999863e-01
9.133000000000000007e-01
9.666599999999999637e-01
8.402899999999999814e-01
8.580699999999999994e-01
8.394099999999999895e-01
6.123499999999999499e-01
7.140400000000000080e-01
8.748500000000000165e-01
8.248199999999999976e-01
6.943899999999999517e-01
8.805199999999999694e-01
8.576399999999999579e-01
7.605600000000000138e-01
5.848200000000000065e-01
7.987800000000000455e-01
8.279499999999999638e-01
9.661600000000000188e-01
8.933699999999999974e-01
7.957800000000000429e-01
8.116900000000000226e-01
9.481699999999999573e-01
9.097399999999999931e-01
9.131099999999999772e-01
7.690299999999999914e-01
7.864700000000000024e-01
7.964599999999999458e-01
9.236600000000000366e-01
9.116999999999999549e-01
6.248599999999999710e-01
9.761900000000000022e-01
6.311700000000000088e-01
8.282199999999999562e-01
7.775400000000000089e-01
6.376699999999999591e-01
6.208399999999999475e-01
7.345899999999999652e-01
7.665300000000000447e-01
9.162099999999999689e-01
8.658000000000000140e-01
9.650699999999999834e-01
9.880799999999999583e-01
6.442799999999999638e-01
9.812999999999999501e-01
7.447300000000000031e-01
6.040499999999999758e-01
7.736699999999999688e-01
7.396300000000000097e-01
6.674400000000000333e-01
7.743999999999999773e-01
8.653100000000000236e-01
7.373100000000000209e-01
6.456699999999999662e-01
8.650900000000000256e-01
7.035599999999999632e-01
6.082999999999999519e-01
8.239499999999999602e-01
8.495399999999999618e-01
7.590500000000000025e-01
8.865399999999999947e-01
9.502899999999999681e-01
8.410300000000000553e-01
9.401699999999999502e-01
8.642100000000000337e-01
6.728100000000000191e-01
6.211900000000000199e-01
7.722299999999999720e-01
8.848799999999999999e-01
6.746799999999999464e-01
6.241799999999999571e-01
8.212599999999999900e-01
9.234799999999999676e-01
8.339400000000000146e-01
8.345000000000000195e-01
6.217599999999999794e-01
6.095899999999999652e-01
7.445800000000000196e-01
8.135099999999999554e-01
7.429999999999999938e-01
9.556299999999999795e-01
8.828399999999999581e-01
9.161899999999999489e-01
8.579700000000000104e-01
9.822999999999999510e-01
6.756100000000000438e-01
5.871899999999999897e-01
9.895899999999999697e-01
8.284099999999999797e-01
7.499299999999999855e-01
7.667599999999999971e-01
7.979000000000000536e-01
8.303500000000000325e-01
9.764000000000000457e-01
5.976399999999999491e-01
7.251499999999999613e-01
7.468599999999999683e-01
9.090200000000000502e-01
7.729500000000000259e-01
6.286399999999999766e-01
7.944799999999999640e-01
9.557600000000000540e-01
8.000500000000000389e-01
7.216200000000000392e-01
6.848699999999999788e-01
7.122100000000000097e-01
9.646500000000000075e-01
8.405099999999999794e-01
6.429200000000000470e-01
7.963999999999999968e-01
5.826200000000000268e-01
8.650700000000000056e-01
6.989400000000000057e-01
6.622599999999999598e-01
6.033800000000000274e-01
8.611900000000000110e-01
7.593199999999999950e-01
9.464900000000000535e-01
8.999099999999999877e-01
8.844899999999999984e-01
7.945999999999999730e-01
9.844199999999999617e-01
9.562300000000000244e-01
6.421900000000000386e-01
9.604800000000000004e-01
8.369199999999999973e-01
8.745399999999999840e-01
7.109699999999999909e-01
8.320800000000000418e-01
9.125199999999999978e-01
9.323399999999999466e-01
6.290900000000000380e-01
9.851400000000000157e-01
9.872199999999999864e-01
5.901499999999999524e-01
9.112200000000000299e-01
7.980699999999999461e-01
6.153699999999999726e-01
6.379700000000000371e-01
8.277700000000000058e-01
8.542499999999999538e-01
7.251999999999999558e-01
9.040500000000000203e-01
9.643300000000000205e-01
9.211000000000000298e-01
7.342199999999999838e-01
9.157699999999999729e-01
6.862099999999999866e-01
8.741200000000000081e-01
5.869799999999999462e-01
9.360199999999999632e-01
9.824600000000000000e-01
9.563500000000000334e-01
5.829600000000000337e-01
6.088500000000000023e-01
8.265299999999999869e-01
7.823999999999999844e-01
9.833699999999999664e-01
9.079599999999999893e-01
8.737899999999999556e-01
7.731700000000000239e-01
7.512499999999999734e-01
7.920300000000000118e-01
9.100599999999999801e-01
8.286000000000000032e-01
5.863000000000000433e-01
8.919000000000000261e-01
6.893200000000000438e-01
8.981700000000000239e-01
9.394799999999999818e-01
9.459600000000000231e-01
8.814699999999999758e-01
7.266599999999999726e-01
6.962000000000000410e-01
8.819599999999999662e-01
9.053700000000000081e-01
7.963799999999999768e-01
6.399899999999999478e-01
7.811299999999999910e-01
7.409700000000000175e-01
6.625799999999999468e-01
9.538999999999999702e-01
6.836299999999999599e-01
7.828399999999999803e-01
8.043099999999999694e-01
9.846399999999999597e-01
9.580999999999999517e-01
7.511299999999999644e-01
5.896000000000000130e-01
6.131600000000000383e-01
6.488300000000000178e-01
8.461999999999999522e-01
9.030000000000000249e-01
7.724299999999999500e-01
9.698499999999999899e-01
7.526699999999999502e-01
9.272899999999999476e-01
8.378400000000000292e-01
8.347999999999999865e-01
5.869199999999999973e-01
6.297399999999999665e-01
6.440799999999999859e-01
8.335299999999999931e-01
8.027800000000000491e-01
8.212399999999999700e-01
7.730500000000000149e-01
7.288799999999999724e-01
5.930699999999999861e-01
6.115699999999999470e-01
9.887500000000000178e-01
9.904600000000000071e-01
9.337800000000000544e-01
7.979100000000000081e-01
7.059600000000000319e-01
7.181800000000000406e-01
7.710099999999999731e-01
7.093000000000000416e-01
7.320100000000000495e-01
6.885000000000000009e-01
8.518799999999999706e-01
8.125400000000000400e-01
7.872299999999999853e-01
6.062699999999999756e-01
8.634800000000000253e-01
7.626699999999999591e-01
7.435699999999999532e-01
8.423699999999999521e-01
7.984999999999999876e-01
7.044799999999999951e-01
6.026599999999999735e-01
7.955100000000000504e-01
7.097400000000000375e-01
6.073499999999999455e-01
5.988499999999999934e-01
8.084900000000000420e-01
9.157100000000000239e-01
9.418699999999999850e-01
8.008699999999999708e-01
9.867399999999999505e-01
6.948900000000000077e-01
8.309499999999999664e-01
6.279799999999999827e-01
6.935200000000000253e-01
8.655399999999999761e-01
7.756999999999999451e-01
8.551100000000000367e-01
9.907000000000000250e-01
9.030500000000000194e-01
7.116999999999999993e-01
8.191699999999999537e-01
9.111399999999999499e-01
8.260199999999999765e-01
9.841600000000000348e-01
9.880600000000000493e-01
9.862900000000000000e-01
6.505300000000000527e-01
6.051699999999999857e-01
8.411699999999999733e-01
9.081900000000000528e-01
9.214499999999999913e-01
8.026100000000000456e-01
7.069100000000000383e-01
6.617300000000000404e-01
8.352100000000000080e-01
7.238599999999999479e-01
8.985199999999999854e-01
6.126200000000000534e-01
8.344500000000000250e-01
8.936300000000000354e-01
6.788800000000000390e-01
7.247700000000000253e-01
7.169699999999999962e-01
8.070100000000000051e-01
9.619299999999999518e-01
9.204900000000000304e-01
6.442299999999999693e-01
9.572800000000000198e-01
9.782199999999999784e-01
7.330799999999999539e-01
9.837099999999999733e-01
6.457300000000000262e-01
6.201699999999999990e-01
6.463200000000000056e-01
6.362499999999999822e-01
9.136699999999999822e-01
6.505900000000000016e-01
9.567999999999999838e-01
9.246699999999999919e-01
8.790499999999999980e-01
7.123500000000000387e-01
7.916499999999999648e-01
6.534999999999999698e-01
9.026300000000000434e-01
8.134900000000000464e-01
7.705300000000000482e-01
7.524199999999999777e-01
9.192099999999999715e-01
6.292699999999999960e-01
6.653299999999999770e-01
7.984299999999999731e-01
7.796100000000000252e-01
6.801099999999999923e-01
9.123999999999999888e-01
6.582599999999999563e-01
6.890199999999999658e-01
9.554799999999999960e-01
7.622400000000000286e-01
6.155699999999999505e-01
9.012799999999999701e-01
9.866200000000000525e-01
9.082299999999999818e-01
6.004199999999999537e-01
7.430700000000000083e-01
7.760000000000000231e-01
6.834799999999999764e-01
8.582199999999999829e-01
6.161699999999999955e-01
6.125099999999999989e-01
7.993500000000000050e-01
9.884800000000000253e-01
7.736199999999999743e-01
8.763600000000000279e-01
9.405299999999999772e-01
6.203899999999999970e-01
8.061899999999999622e-01
9.046100000000000252e-01
6.026099999999999790e-01
7.374800000000000244e-01
9.315999999999999837e-01
9.128699999999999593e-01
8.252399999999999736e-01
5.863099999999999978e-01
8.493800000000000239e-01
7.906499999999999639e-01
8.369499999999999718e-01
6.491999999999999993e-01
6.134399999999999853e-01
6.445400000000000018e-01
7.063199999999999479e-01
6.387100000000000000e-01
7.923900000000000388e-01
5.868400000000000283e-01
8.206200000000000161e-01
5.909799999999999498e-01
6.855299999999999727e-01
7.173599999999999977e-01
6.671099999999999808e-01
8.940500000000000114e-01
9.250199999999999534e-01
8.280199999999999783e-01
6.007000000000000117e-01
7.253500000000000503e-01
8.596000000000000307e-01
7.771799999999999820e-01
6.140499999999999847e-01
9.661300000000000443e-01
9.402899999999999592e-01
9.046100000000000252e-01
5.958700000000000108e-01
7.032599999999999962e-01
6.487600000000000033e-01
7.372400000000000064e-01
8.852400000000000269e-01
8.822999999999999732e-01
9.707599999999999563e-01
7.285000000000000364e-01
6.090100000000000513e-01
6.199700000000000211e-01
8.732400000000000162e-01
8.175900000000000389e-01
8.399400000000000199e-01
8.720599999999999463e-01
6.657100000000000239e-01
8.792400000000000215e-01
5.917299999999999782e-01
7.790599999999999747e-01
7.382100000000000328e-01
8.078800000000000425e-01
9.104999999999999760e-01
9.843399999999999928e-01
9.633300000000000196e-01
6.499800000000000022e-01
9.092200000000000282e-01
9.074499999999999789e-01
8.675599999999999978e-01
9.810299999999999576e-01
9.909499999999999975e-01
8.841200000000000170e-01
7.465300000000000269e-01
6.294699999999999740e-01
8.714600000000000124e-01
8.821099999999999497e-01
7.075299999999999923e-01
7.114399999999999613e-01
6.069499999999999895e-01
6.126500000000000279e-01
9.231399999999999606e-01
9.858200000000000296e-01
7.768899999999999695e-01
7.308999999999999941e-01
9.875199999999999534e-01
7.686199999999999699e-01
5.880400000000000071e-01
8.980299999999999949e-01
7.590999999999999970e-01
9.171399999999999553e-01
8.927000000000000490e-01
7.361400000000000166e-01
9.627599999999999492e-01
6.667499999999999538e-01
6.156700000000000506e-01
7.736499999999999488e-01
6.453499999999999792e-01
6.604799999999999560e-01
6.375699999999999701e-01
8.677899999999999503e-01
7.957499999999999574e-01
6.727199999999999847e-01
5.859199999999999964e-01
7.851299999999999946e-01
8.311600000000000099e-01
7.823799999999999644e-01
9.685899999999999510e-01
9.566500000000000004e-01
7.629500000000000171e-01
6.602999999999999980e-01
7.768800000000000150e-01
8.842200000000000060e-01
7.450900000000000301e-01
8.171699999999999520e-01
9.204700000000000104e-01
7.362499999999999600e-01
9.104499999999999815e-01
7.922099999999999698e-01
7.027099999999999458e-01
8.828399999999999581e-01
7.521799999999999597e-01
6.259099999999999664e-01
6.508399999999999741e-01
8.659099999999999575e-01
6.449000000000000288e-01
7.688000000000000389e-01
8.441199999999999815e-01
8.685500000000000442e-01
6.931699999999999529e-01
6.939300000000000468e-01
8.016999999999999682e-01
9.905000000000000471e-01
8.266400000000000414e-01
6.869199999999999751e-01
8.021099999999999897e-01
7.545800000000000285e-01
8.383199999999999541e-01
7.678000000000000380e-01
9.119899999999999674e-01
8.864999999999999547e-01
9.549199999999999910e-01
7.784100000000000463e-01
5.805599999999999650e-01
8.314700000000000424e-01
8.049600000000000088e-01
5.957099999999999618e-01
8.854800000000000448e-01
8.165999999999999925e-01
9.255299999999999638e-01
7.085299999999999931e-01
7.834600000000000453e-01
8.110199999999999632e-01
8.773800000000000487e-01
7.466500000000000359e-01
6.503700000000000037e-01
9.465999999999999970e-01
8.921700000000000186e-01
8.418999999999999817e-01
8.243700000000000472e-01
9.676599999999999646e-01
8.081399999999999695e-01
9.889700000000000157e-01
8.175000000000000044e-01
6.569800000000000084e-01
8.456500000000000128e-01
8.907800000000000162e-01
7.698800000000000088e-01
7.653900000000000148e-01
8.272599999999999953e-01
7.143300000000000205e-01
6.477300000000000280e-01
6.343999999999999639e-01
7.547199999999999465e-01
9.424099999999999699e-01
6.015000000000000346e-01
9.552000000000000490e-01
7.771700000000000275e-01
7.888300000000000312e-01
6.380000000000000115e-01
6.951000000000000512e-01
6.401900000000000368e-01
7.636699999999999600e-01
6.091999999999999638e-01
8.399100000000000454e-01
8.915100000000000247e-01
7.722700000000000120e-01
7.703799999999999537e-01
8.058300000000000463e-01
7.583600000000000341e-01
9.220399999999999707e-01
7.430799999999999628e-01
5.789999999999999591e-01
8.869099999999999762e-01
9.226600000000000357e-01
6.793299999999999894e-01
8.820599999999999552e-01
5.861699999999999688e-01
7.648899999999999588e-01
8.371199999999999752e-01
8.303800000000000070e-01
6.991399999999999837e-01
7.349900000000000322e-01
9.700400000000000134e-01
5.931199999999999806e-01
7.896999999999999575e-01
8.695199999999999596e-01
7.239400000000000279e-01
7.715300000000000491e-01
8.489499999999999824e-01
9.841900000000000093e-01
8.571900000000000075e-01
7.098100000000000520e-01
9.694700000000000539e-01
9.101900000000000546e-01
6.167099999999999804e-01
9.035199999999999898e-01
9.154099999999999460e-01
9.547799999999999621e-01
6.544699999999999962e-01
8.121399999999999730e-01
6.512200000000000211e-01
6.234199999999999742e-01
7.370700000000000029e-01
7.509599999999999609e-01
7.455500000000000460e-01
5.917200000000000237e-01
8.554800000000000182e-01
9.797200000000000353e-01
7.009699999999999820e-01
6.782899999999999485e-01
6.069400000000000350e-01
9.831999999999999629e-01
9.563899999999999624e-01
7.568799999999999972e-01
7.429400000000000448e-01
8.888099999999999890e-01
9.444299999999999917e-01
7.721000000000000085e-01
9.556000000000000050e-01
8.722100000000000408e-01
8.231199999999999628e-01
7.116599999999999593e-01
8.541999999999999593e-01
7.116999999999999993e-01
7.114300000000000068e-01
5.950400000000000134e-01
8.749900000000000455e-01
8.647299999999999986e-01
8.774999999999999467e-01
7.904400000000000315e-01
9.825199999999999489e-01
6.523799999999999599e-01
8.242300000000000182e-01
7.827800000000000313e-01
8.293300000000000116e-01
9.326200000000000045e-01
9.477100000000000524e-01
7.084099999999999842e-01
7.663600000000000412e-01
9.754199999999999537e-01
8.278499999999999748e-01
8.119800000000000351e-01
6.575999999999999623e-01
5.881699999999999706e-01
6.388899999999999579e-01
8.601699999999999902e-01
7.535899999999999821e-01
6.623400000000000398e-01
8.302399999999999780e-01
6.731500000000000261e-01
6.045099999999999918e-01
8.085599999999999454e-01
8.105900000000000327e-01
5.868200000000000083e-01
9.680800000000000516e-01
8.542300000000000448e-01
6.341299999999999715e-01
7.493800000000000461e-01
9.612699999999999578e-01
9.580499999999999572e-01
6.153399999999999981e-01
6.235800000000000232e-01
8.747099999999999875e-01
8.755100000000000104e-01
9.874899999999999789e-01
6.064800000000000191e-01
8.983799999999999564e-01
5.804300000000000015e-01
8.165299999999999780e-01
6.990899999999999892e-01
9.201099999999999834e-01
9.859799999999999676e-01
8.860700000000000243e-01
7.890700000000000491e-01
7.695499999999999563e-01
8.295299999999999896e-01
9.108199999999999630e-01
9.119399999999999729e-01
7.749000000000000332e-01
6.812000000000000277e-01
6.001699999999999813e-01
7.832400000000000473e-01
9.618100000000000538e-01
9.152599999999999625e-01
9.557600000000000540e-01
6.206300000000000150e-01
9.431399999999999784e-01
7.626699999999999591e-01
5.872600000000000042e-01
6.450099999999999723e-01
8.088400000000000034e-01
8.575599999999999890e-01
8.939000000000000279e-01
8.905800000000000383e-01
6.692200000000000371e-01
6.103399999999999936e-01
8.425300000000000011e-01
7.136400000000000521e-01
7.769599999999999840e-01
7.086799999999999766e-01
6.195800000000000196e-01
9.480399999999999938e-01
6.611299999999999955e-01
7.096299999999999830e-01
9.448499999999999677e-01
6.929300000000000459e-01
6.806400000000000228e-01
9.869900000000000340e-01
7.665800000000000392e-01
9.739900000000000224e-01
8.648400000000000531e-01
5.913800000000000168e-01
8.774999999999999467e-01
5.832699999999999552e-01
6.515699999999999825e-01
9.089199999999999502e-01
9.453099999999999836e-01
6.479399999999999604e-01
8.369600000000000373e-01
9.841100000000000403e-01
7.687500000000000444e-01
5.921399999999999997e-01
6.457100000000000062e-01
9.273000000000000131e-01
8.816899999999999737e-01
9.041799999999999837e-01
8.456599999999999673e-01
7.379099999999999548e-01
6.529099999999999904e-01
8.249300000000000521e-01
9.538600000000000412e-01
7.909899999999999709e-01
9.737799999999999789e-01
5.983699999999999575e-01
5.901499999999999524e-01
7.591999999999999860e-01
7.388599999999999612e-01
8.063099999999999712e-01
6.161999999999999700e-01
6.936299999999999688e-01
9.841199999999999948e-01
7.120900000000000007e-01
6.988400000000000167e-01
7.298200000000000243e-01
7.093500000000000361e-01
6.682900000000000507e-01
6.926999999999999824e-01
9.602899999999999769e-01
6.974500000000000144e-01
8.449699999999999989e-01
8.313700000000000534e-01
9.162799999999999834e-01
6.221299999999999608e-01
7.811099999999999710e-01
7.069100000000000383e-01
9.058899999999999730e-01
7.730599999999999694e-01
6.730800000000000116e-01
9.882600000000000273e-01
7.033000000000000362e-01
8.910700000000000287e-01
7.270499999999999741e-01
8.100000000000000533e-01
7.263199999999999656e-01
7.465300000000000269e-01
9.857399999999999496e-01
7.669500000000000206e-01
9.837000000000000188e-01
9.280399999999999761e-01
7.259900000000000242e-01
7.716300000000000381e-01
9.258399999999999963e-01
7.926900000000000057e-01
9.088600000000000012e-01
6.969899999999999984e-01
7.639000000000000234e-01
7.587699999999999445e-01
6.465999999999999526e-01
6.218500000000000139e-01
6.204300000000000370e-01
6.510099999999999776e-01
6.751000000000000334e-01
8.712199999999999944e-01
9.569600000000000328e-01
6.240599999999999481e-01
6.962300000000000155e-01
7.144800000000000040e-01
5.877799999999999692e-01
8.962900000000000311e-01
7.624400000000000066e-01
9.557999999999999829e-01
6.955999999999999961e-01
9.857099999999999751e-01
8.826800000000000201e-01
7.977800000000000447e-01
6.612099999999999644e-01
7.563299999999999468e-01
9.508499999999999730e-01
6.238000000000000211e-01
9.509900000000000020e-01
6.865099999999999536e-01
6.181900000000000173e-01
9.759299999999999642e-01
8.420400000000000107e-01
5.843300000000000161e-01
8.941900000000000404e-01
7.394899999999999807e-01
7.574199999999999822e-01
9.881100000000000438e-01
8.618599999999999595e-01
7.786800000000000388e-01
9.893600000000000172e-01
6.991100000000000092e-01
9.556799999999999740e-01
9.141000000000000236e-01
8.317299999999999693e-01
9.542399999999999771e-01
7.904299999999999660e-01
9.225600000000000467e-01
9.384099999999999664e-01
9.214900000000000313e-01
6.609199999999999520e-01
6.437100000000000044e-01
9.614300000000000068e-01
9.275900000000000256e-01
6.544299999999999562e-01
9.100200000000000511e-01
6.492499999999999938e-01
7.949699999999999545e-01
9.554799999999999960e-01
6.865499999999999936e-01
8.372399999999999842e-01
8.796699999999999520e-01
7.451600000000000446e-01
9.224799999999999667e-01
7.621599999999999486e-01
5.955899999999999528e-01
8.280999999999999472e-01
7.687000000000000499e-01
9.410699999999999621e-01
8.541299999999999448e-01
9.619600000000000373e-01
6.800599999999999978e-01
5.818999999999999728e-01
7.473800000000000443e-01
9.033900000000000263e-01
5.832899999999999752e-01
9.721600000000000241e-01
7.398200000000000331e-01
7.625300000000000411e-01
7.999300000000000299e-01
9.828799999999999759e-01
6.210400000000000365e-01
9.442800000000000082e-01
6.350299999999999834e-01
5.827200000000000157e-01
5.958700000000000108e-01
8.052099999999999813e-01
7.155500000000000194e-01
5.805099999999999705e-01
9.270000000000000462e-01
7.794999999999999707e-01
6.377800000000000136e-01
9.559999999999999609e-01
8.705300000000000260e-01
8.777800000000000047e-01
6.553999999999999826e-01
7.806100000000000261e-01
8.659499999999999975e-01
9.052900000000000391e-01
6.788999999999999480e-01
6.018000000000000016e-01
8.389199999999999990e-01
6.127500000000000169e-01
9.231000000000000316e-01
7.276399999999999535e-01
6.738399999999999945e-01
7.778699999999999504e-01
8.335099999999999731e-01
8.476399999999999491e-01
7.003300000000000081e-01
6.443299999999999583e-01
7.034799999999999942e-01
9.566999999999999948e-01
7.617800000000000127e-01
5.839400000000000146e-01
8.870200000000000307e-01
8.325900000000000523e-01
5.828400000000000247e-01
9.280699999999999505e-01
7.229400000000000270e-01
8.074500000000000011e-01
8.162500000000000311e-01
7.352199999999999847e-01
8.818099999999999827e-01
7.918100000000000138e-01
7.420999999999999819e-01
8.513800000000000257e-01
8.403899999999999704e-01
8.798899999999999499e-01
5.820199999999999818e-01
5.773399999999999643e-01
7.706100000000000172e-01
9.841800000000000548e-01
8.088199999999999834e-01
7.019300000000000539e-01
7.583600000000000341e-01
6.882599999999999829e-01
5.856099999999999639e-01
6.169900000000000384e-01
6.328399999999999581e-01
8.768299999999999983e-01
9.495500000000000052e-01
7.593999999999999639e-01
6.904099999999999682e-01
7.368500000000000050e-01
7.096200000000000285e-01
6.896499999999999853e-01
7.288700000000000179e-01
7.263100000000000112e-01
8.832100000000000506e-01
7.713700000000000001e-01
7.955400000000000249e-01
6.870500000000000496e-01
7.384399999999999853e-01
6.660500000000000309e-01
9.104100000000000525e-01
9.553599999999999870e-01
8.745500000000000496e-01
6.693099999999999605e-01
9.260099999999999998e-01
7.347700000000000342e-01
8.022200000000000442e-01
7.336399999999999588e-01
6.450799999999999867e-01
9.320699999999999541e-01
5.945099999999999829e-01
9.834199999999999608e-01
6.612999999999999989e-01
9.054200000000000026e-01
6.088999999999999968e-01
9.020599999999999730e-01
9.190300000000000136e-01
9.869799999999999685e-01
9.505900000000000460e-01
9.548100000000000476e-01
8.850299999999999834e-01
9.242000000000000215e-01
6.996700000000000141e-01
6.006099999999999772e-01
9.306299999999999573e-01
8.325599999999999667e-01
9.405499999999999972e-01
8.020199999999999552e-01
9.839299999999999713e-01
7.753700000000000037e-01
5.870199999999999863e-01
9.198499999999999455e-01
9.013900000000000245e-01
6.777999999999999581e-01
7.876699999999999813e-01
9.234700000000000131e-01
7.640400000000000524e-01
7.798300000000000232e-01
9.110300000000000065e-01
6.412200000000000122e-01
7.263100000000000112e-01
8.277200000000000113e-01
9.159199999999999564e-01
7.696899999999999853e-01
9.171000000000000263e-01
7.823299999999999699e-01
9.552500000000000435e-01
8.048300000000000454e-01
6.936099999999999488e-01
6.358399999999999608e-01
9.075199999999999934e-01
6.921899999999999720e-01
7.018199999999999994e-01
6.508599999999999941e-01
6.476800000000000335e-01
6.093300000000000383e-01
9.053499999999999881e-01
7.764299999999999535e-01
6.699300000000000255e-01
8.750700000000000145e-01
9.547200000000000131e-01
6.789500000000000535e-01
5.894000000000000350e-01
8.393599999999999950e-01
6.323199999999999932e-01
9.154999999999999805e-01
7.305899999999999617e-01
8.848399999999999599e-01
5.868200000000000083e-01
9.517200000000000104e-01
9.865599999999999925e-01
9.198499999999999455e-01
8.732799999999999452e-01
8.461199999999999832e-01
8.427400000000000446e-01
5.962600000000000122e-01
7.740500000000000158e-01
8.086699999999999999e-01
7.324399999999999800e-01
6.677100000000000257e-01
9.233500000000000041e-01
9.889299999999999757e-01
9.748299999999999743e-01
7.781799999999999828e-01
8.614399999999999835e-01
7.265899999999999581e-01
6.830399999999999805e-01
8.712100000000000399e-01
8.699400000000000466e-01
8.646399999999999642e-01
8.888000000000000345e-01
8.181899999999999729e-01
6.797800000000000509e-01
8.661100000000000465e-01
9.031700000000000284e-01
8.582699999999999774e-01
5.940600000000000325e-01
7.807100000000000151e-01
6.942199999999999482e-01
8.648599999999999621e-01
8.090100000000000069e-01
9.207400000000000029e-01
9.843699999999999672e-01
7.238999999999999879e-01
5.791300000000000336e-01
7.650400000000000533e-01
5.861699999999999688e-01
6.668600000000000083e-01
7.168400000000000327e-01
6.963000000000000300e-01
6.990800000000000347e-01
9.001400000000000512e-01
9.550999999999999490e-01
8.797599999999999865e-01
7.850300000000000056e-01
9.564500000000000224e-01
6.338000000000000300e-01
8.752199999999999980e-01
6.262499999999999734e-01
5.916500000000000092e-01
8.110300000000000287e-01
9.817000000000000171e-01
7.826100000000000279e-01
6.719699999999999562e-01
8.743400000000000061e-01
9.272299999999999986e-01
6.862300000000000066e-01
5.974300000000000166e-01
7.587800000000000100e-01
8.796599999999999975e-01
5.914099999999999913e-01
8.169499999999999540e-01
8.118699999999999806e-01
7.626699999999999591e-01
8.150899999999999812e-01
7.647699999999999498e-01
8.180199999999999694e-01
7.706399999999999917e-01
8.290899999999999936e-01
6.106099999999999861e-01
6.091699999999999893e-01
8.282100000000000017e-01
7.448000000000000176e-01
7.485600000000000032e-01
6.736299999999999510e-01
6.130900000000000238e-01
6.428500000000000325e-01
6.369599999999999707e-01
8.557500000000000107e-01
5.918499999999999872e-01
6.272199999999999998e-01
7.664900000000000047e-01
9.856899999999999551e-01
6.051499999999999657e-01
9.572000000000000508e-01
8.717399999999999594e-01
7.478700000000000347e-01
6.403600000000000403e-01
9.810200000000000031e-01
9.778299999999999770e-01
6.896499999999999853e-01
6.062300000000000466e-01
9.596999999999999975e-01
9.112200000000000299e-01
7.304599999999999982e-01
8.842999999999999750e-01
6.881699999999999484e-01
8.613199999999999745e-01
9.121599999999999708e-01
6.262299999999999534e-01
9.018599999999999950e-01
7.645999999999999464e-01
8.949300000000000033e-01
9.103700000000000125e-01
7.608200000000000518e-01
8.518499999999999961e-01
8.346400000000000485e-01
9.288300000000000445e-01
9.244499999999999940e-01
8.381600000000000161e-01
7.011199999999999655e-01
6.722200000000000397e-01
9.084900000000000198e-01
8.457799999999999763e-01
8.585800000000000098e-01
9.112099999999999644e-01
6.027299999999999880e-01
7.624199999999999866e-01
7.028200000000000003e-01
7.492299999999999516e-01
6.517899999999999805e-01
8.137699999999999934e-01
6.501599999999999602e-01
5.924000000000000377e-01
8.393199999999999550e-01
7.666199999999999681e-01
6.097900000000000542e-01
8.658500000000000085e-01
6.272999999999999687e-01
6.970199999999999729e-01
7.286099999999999799e-01
8.206400000000000361e-01
8.021899999999999586e-01
6.073899999999999855e-01
8.819000000000000172e-01
6.458899999999999642e-01
8.552899999999999947e-01
7.350100000000000522e-01
9.835700000000000554e-01
5.979200000000000070e-01
9.758299999999999752e-01
7.176799999999999846e-01
8.387400000000000411e-01
5.833800000000000097e-01
8.278100000000000458e-01
8.841900000000000315e-01
6.539700000000000513e-01
7.499299999999999855e-01
6.536600000000000188e-01
6.127299999999999969e-01
7.589299999999999935e-01
6.760399999999999743e-01
6.964900000000000535e-01
9.590499999999999581e-01
6.582999999999999963e-01
8.734300000000000397e-01
6.958299999999999486e-01
5.938400000000000345e-01
9.785300000000000109e-01
6.209900000000000420e-01
8.576500000000000234e-01
7.630500000000000060e-01
7.499700000000000255e-01
9.543199999999999461e-01
8.731999999999999762e-01
6.938600000000000323e-01
6.633900000000000352e-01
7.811099999999999710e-01
9.067800000000000304e-01
6.992300000000000182e-01
8.861900000000000333e-01
6.692399999999999460e-01
6.399099999999999788e-01
8.031800000000000050e-01
6.566400000000000015e-01
8.978800000000000114e-01
9.847099999999999742e-01
9.193000000000000060e-01
8.982499999999999929e-01
8.954400000000000137e-01
8.165299999999999780e-01
8.934499999999999664e-01
8.781999999999999806e-01
9.732199999999999740e-01
7.776300000000000434e-01
9.192200000000000371e-01
6.009100000000000552e-01
9.164799999999999613e-01
7.660200000000000342e-01
9.582600000000000007e-01
6.850199999999999623e-01
9.025100000000000344e-01
6.911199999999999566e-01
7.468599999999999683e-01
6.189400000000000457e-01
7.486000000000000432e-01
9.778499999999999970e-01
9.436200000000000143e-01
8.336200000000000276e-01
9.772199999999999775e-01
7.639099999999999779e-01
9.157600000000000184e-01
6.673000000000000043e-01
7.023099999999999898e-01
9.615899999999999448e-01
9.077300000000000368e-01
5.887900000000000356e-01
8.705500000000000460e-01
7.794699999999999962e-01
6.936600000000000543e-01
7.858199999999999630e-01
9.112900000000000444e-01
6.419500000000000206e-01
6.584299999999999597e-01
6.587600000000000122e-01
7.099499999999999700e-01
9.155400000000000205e-01
6.343400000000000150e-01
9.187300000000000466e-01
6.413999999999999702e-01
6.954000000000000181e-01
7.089199999999999946e-01
6.942800000000000082e-01
5.868799999999999573e-01
8.931000000000000050e-01
9.068599999999999994e-01
6.696499999999999675e-01
7.529400000000000537e-01
8.417999999999999927e-01
7.990500000000000380e-01
7.597399999999999709e-01
8.571699999999999875e-01
6.630899999999999572e-01
5.858499999999999819e-01
6.367300000000000182e-01
7.990800000000000125e-01
7.683499999999999774e-01
7.835100000000000398e-01
8.013700000000000268e-01
6.962399999999999700e-01
6.886200000000000099e-01
8.613800000000000345e-01
7.126400000000000512e-01
9.056899999999999951e-01
9.851699999999999902e-01
6.166899999999999604e-01
9.243900000000000450e-01
7.555399999999999894e-01
6.039600000000000524e-01
9.810400000000000231e-01
9.161299999999999999e-01
8.242899999999999672e-01
8.822200000000000042e-01
6.330400000000000471e-01
7.485500000000000487e-01
7.135000000000000231e-01
7.526500000000000412e-01
8.129999999999999449e-01
7.239700000000000024e-01
8.881200000000000205e-01
9.816099999999999826e-01
8.506799999999999917e-01
9.146800000000000486e-01
7.530599999999999516e-01
7.124300000000000077e-01
8.240899999999999892e-01
8.536799999999999944e-01
9.778999999999999915e-01
5.945099999999999829e-01
7.180600000000000316e-01
8.255799999999999805e-01
8.797500000000000320e-01
7.140999999999999570e-01
9.063700000000000090e-01
6.616400000000000059e-01
6.972399999999999709e-01
8.435200000000000475e-01
8.591100000000000403e-01
9.728599999999999470e-01
6.971600000000000019e-01
9.337199999999999944e-01
8.447500000000000009e-01
8.655800000000000161e-01
9.158100000000000129e-01
8.782100000000000461e-01
9.091000000000000192e-01
8.607900000000000551e-01
9.105699999999999905e-01
6.418399999999999661e-01
8.148900000000000032e-01
6.517899999999999805e-01
9.642600000000000060e-01
6.527199999999999669e-01
7.840200000000000502e-01
9.565599999999999659e-01
6.732200000000000406e-01
7.336000000000000298e-01
9.208899999999999864e-01
9.450399999999999912e-01
8.513199999999999656e-01
5.812899999999999734e-01
7.672799999999999621e-01
6.950199999999999712e-01
9.520300000000000429e-01
7.772999999999999909e-01
9.225600000000000467e-01
6.522499999999999964e-01
9.606299999999999839e-01
5.974000000000000421e-01
9.711699999999999777e-01
8.230800000000000338e-01
5.868799999999999573e-01
7.549400000000000555e-01
9.239300000000000290e-01
9.193099999999999605e-01
7.294599999999999973e-01
6.248299999999999965e-01
9.818599999999999550e-01
9.128600000000000048e-01
7.443400000000000016e-01
8.904800000000000493e-01
8.835100000000000176e-01
9.094400000000000261e-01
5.918600000000000527e-01
6.354800000000000448e-01
6.146300000000000097e-01
8.238699999999999912e-01
9.190700000000000536e-01
7.641200000000000214e-01
8.980299999999999949e-01
7.749300000000000077e-01
9.254599999999999493e-01
9.098199999999999621e-01
9.691600000000000215e-01
7.621799999999999686e-01
8.090600000000000014e-01
8.666300000000000114e-01
7.930599999999999872e-01
9.183499999999999996e-01
7.821299999999999919e-01
7.088700000000000001e-01
7.592400000000000260e-01
9.074799999999999534e-01
6.901399999999999757e-01
7.018499999999999739e-01
7.329200000000000159e-01
9.096300000000000496e-01
6.865700000000000136e-01
6.243499999999999606e-01
6.487399999999999833e-01
8.247999999999999776e-01
5.890499999999999625e-01
9.864699999999999580e-01
8.568500000000000005e-01
6.417899999999999716e-01
6.181600000000000428e-01
5.794500000000000206e-01
7.288599999999999524e-01
6.710800000000000098e-01
9.197400000000000020e-01
7.647599999999999953e-01
6.820800000000000196e-01
5.886799999999999811e-01
6.071800000000000530e-01
6.669399999999999773e-01
6.945999999999999952e-01
8.796399999999999775e-01
9.864500000000000490e-01
6.569800000000000084e-01
9.553399999999999670e-01
6.682000000000000162e-01
8.249699999999999811e-01
9.895800000000000152e-01
5.860600000000000254e-01
9.219399999999999817e-01
6.352999999999999758e-01
7.503499999999999615e-01
7.118700000000000028e-01
7.948499999999999455e-01
8.685399999999999787e-01
8.956399999999999917e-01
7.872200000000000308e-01
7.433499999999999552e-01
8.621900000000000119e-01
9.853499999999999481e-01
9.859599999999999476e-01
7.233600000000000030e-01
6.606300000000000505e-01
9.389699999999999713e-01
6.745299999999999629e-01
8.276099999999999568e-01
8.852999999999999758e-01
7.813799999999999635e-01
9.770400000000000196e-01
8.861999999999999877e-01
7.475500000000000478e-01
9.682100000000000151e-01
7.838300000000000267e-01
6.002399999999999958e-01
6.837699999999999889e-01
7.977400000000000047e-01
9.637799999999999701e-01
6.104399999999999826e-01
7.947899999999999965e-01
5.833099999999999952e-01
8.050800000000000178e-01
8.887100000000000000e-01
8.768700000000000383e-01
8.893799999999999484e-01
6.997900000000000231e-01
9.232200000000000406e-01
6.678199999999999692e-01
7.713900000000000201e-01
6.981100000000000083e-01
8.898899999999999588e-01
9.203299999999999814e-01
8.087499999999999689e-01
9.869200000000000195e-01
7.224300000000000166e-01
7.605100000000000193e-01
9.848500000000000032e-01
9.334799999999999764e-01
7.795900000000000052e-01
8.319499999999999673e-01
7.482100000000000417e-01
9.868799999999999795e-01
6.912099999999999911e-01
9.102999999999999980e-01
9.835199999999999498e-01
6.977200000000000069e-01
9.101099999999999746e-01
7.617500000000000382e-01
9.763399999999999856e-01
9.539699999999999847e-01
9.857500000000000151e-01
6.679500000000000437e-01
6.685100000000000486e-01
7.716499999999999471e-01
5.929999999999999716e-01
7.525100000000000122e-01
7.226500000000000146e-01
9.586099999999999621e-01
5.895399999999999530e-01
7.187599999999999545e-01
8.113299999999999956e-01
6.960899999999999865e-01
9.773100000000000120e-01
9.605399999999999494e-01
7.514899999999999913e-01
9.104700000000000015e-01
7.682400000000000340e-01
7.004399999999999515e-01
6.339599999999999680e-01
9.555799999999999850e-01
7.577700000000000546e-01
7.405599999999999961e-01
6.861000000000000432e-01
6.672400000000000553e-01
6.200499999999999901e-01
9.180599999999999872e-01
6.458300000000000152e-01
9.352300000000000058e-01
9.576700000000000212e-01
9.790100000000000469e-01
5.855599999999999694e-01
6.009499999999999842e-01
9.207999999999999519e-01
7.543299999999999450e-01
9.893800000000000372e-01
9.272399999999999531e-01
8.866800000000000237e-01
5.859600000000000364e-01
8.828200000000000491e-01
9.598700000000000010e-01
8.833100000000000396e-01
9.722699999999999676e-01
6.862000000000000322e-01
9.157100000000000239e-01
5.879100000000000437e-01
7.562100000000000488e-01
9.297199999999999909e-01
8.999099999999999877e-01
6.433400000000000230e-01
6.790899999999999714e-01
8.837099999999999955e-01
9.443799999999999972e-01
9.399600000000000177e-01
9.203500000000000014e-01
9.121000000000000218e-01
9.565700000000000314e-01
9.592300000000000271e-01
5.862699999999999578e-01
7.286200000000000454e-01
7.780500000000000194e-01
9.860499999999999821e-01
9.134200000000000097e-01
9.198899999999999855e-01
7.054000000000000270e-01
7.440799999999999637e-01
5.908799999999999608e-01
7.784699999999999953e-01
9.072700000000000209e-01
5.903100000000000014e-01
6.768600000000000172e-01
9.556099999999999595e-01
5.910300000000000553e-01
7.640900000000000469e-01
7.756800000000000361e-01
7.454899999999999860e-01
7.694299999999999473e-01
8.402800000000000269e-01
6.076300000000000034e-01
6.498000000000000442e-01
7.213500000000000467e-01
6.211200000000000054e-01
8.049100000000000144e-01
6.118599999999999595e-01
6.168099999999999694e-01
7.740399999999999503e-01
7.480799999999999672e-01
7.342800000000000438e-01
9.210700000000000554e-01
5.828400000000000247e-01
6.195899999999999741e-01
9.216999999999999638e-01
9.238699999999999690e-01
7.612200000000000077e-01
6.937600000000000433e-01
7.267500000000000071e-01
9.496400000000000396e-01
6.930899999999999839e-01
9.682100000000000151e-01
7.630299999999999860e-01
8.176900000000000279e-01
8.429299999999999571e-01
6.377099999999999991e-01
6.856700000000000017e-01
8.942200000000000149e-01
5.798999999999999710e-01
6.154199999999999671e-01
6.688899999999999846e-01
6.379700000000000371e-01
5.842300000000000271e-01
6.671899999999999498e-01
6.120100000000000540e-01
8.237799999999999567e-01
7.944700000000000095e-01
6.528800000000000159e-01
8.715600000000000014e-01
6.209700000000000220e-01
6.092999999999999527e-01
8.840900000000000425e-01
6.928900000000000059e-01
7.099999999999999645e-01
7.283399999999999874e-01
7.218099999999999516e-01
8.053099999999999703e-01
5.898900000000000254e-01
8.169999999999999485e-01
9.038300000000000223e-01
5.992600000000000149e-01
6.346500000000000474e-01
8.566500000000000226e-01
6.407000000000000473e-01
6.458399999999999697e-01
6.933200000000000474e-01
8.198600000000000332e-01
9.138399999999999856e-01
9.093200000000000172e-01
7.141800000000000370e-01
8.420600000000000307e-01
9.779799999999999605e-01
7.365800000000000125e-01
9.850200000000000067e-01
6.650099999999999900e-01
8.244399999999999507e-01
6.757999999999999563e-01
7.054200000000000470e-01
6.362900000000000222e-01
8.960599999999999676e-01
9.565799999999999859e-01
7.400999999999999801e-01
7.319200000000000150e-01
9.741400000000000059e-01
6.575299999999999478e-01
9.675399999999999556e-01
9.498900000000000121e-01
8.860500000000000043e-01
7.210900000000000087e-01
6.983500000000000263e-01
8.216599999999999460e-01
9.839999999999999858e-01
9.408600000000000296e-01
7.196200000000000374e-01
6.874299999999999855e-01
6.342200000000000060e-01
9.816700000000000426e-01
9.891900000000000137e-01
5.818600000000000438e-01
7.713999999999999746e-01
9.260300000000000198e-01
8.620700000000000029e-01
7.750299999999999967e-01
8.507400000000000517e-01
8.075400000000000356e-01
7.673100000000000476e-01
6.282200000000000006e-01
6.137700000000000378e-01
8.405599999999999739e-01
6.985500000000000043e-01
9.444399999999999462e-01
9.214700000000000113e-01
8.455200000000000493e-01
6.257200000000000539e-01
6.441299999999999804e-01
9.051099999999999701e-01
5.854099999999999859e-01
8.160600000000000076e-01
6.676900000000000057e-01
6.082800000000000429e-01
9.474000000000000199e-01
9.013299999999999645e-01
9.568400000000000238e-01
7.623699999999999921e-01
6.159599999999999520e-01
7.151399999999999979e-01
6.397399999999999753e-01
8.360100000000000309e-01
9.737999999999999989e-01
6.199099999999999611e-01
9.673399999999999777e-01
8.109300000000000397e-01
6.842000000000000304e-01
8.873100000000000431e-01
8.154200000000000337e-01
8.565800000000000081e-01
6.015200000000000546e-01
9.228899999999999881e-01
8.533899999999999819e-01
6.265100000000000113e-01
9.538900000000000157e-01
9.458999999999999631e-01
8.401499999999999524e-01
7.604800000000000448e-01
7.993700000000000250e-01
9.483800000000000008e-01
8.306200000000000250e-01
9.136999999999999567e-01
7.173899999999999721e-01
8.590400000000000258e-01
6.290400000000000436e-01
9.509900000000000020e-01
9.079199999999999493e-01
9.507999999999999785e-01
7.395500000000000407e-01
8.679200000000000248e-01
8.877099999999999991e-01
5.835500000000000131e-01
8.838899999999999535e-01
9.812300000000000466e-01
5.770800000000000374e-01
9.242399999999999505e-01
6.039200000000000124e-01
6.847299999999999498e-01
9.208899999999999864e-01
9.852800000000000447e-01
9.067300000000000360e-01
9.599299999999999500e-01
8.952799999999999647e-01
5.824300000000000033e-01
7.808199999999999585e-01
5.975099999999999856e-01
8.401600000000000179e-01
5.864500000000000268e-01
9.120200000000000529e-01
5.907999999999999918e-01
6.938800000000000523e-01
5.856599999999999584e-01
7.803799999999999626e-01
7.769099999999999895e-01
9.895599999999999952e-01
7.325899999999999634e-01
7.612799999999999567e-01
9.095699999999999896e-01
8.738399999999999501e-01
7.065299999999999914e-01
6.800300000000000233e-01
8.322899999999999743e-01
6.592799999999999772e-01
8.934400000000000119e-01
6.739300000000000290e-01
6.963899999999999535e-01
9.493099999999999872e-01
7.662200000000000122e-01
5.787900000000000267e-01
6.657999999999999474e-01
6.221700000000000008e-01
7.493900000000000006e-01
6.883299999999999974e-01
8.381399999999999961e-01
6.945700000000000207e-01
7.223100000000000076e-01
6.800399999999999778e-01
6.907200000000000006e-01
7.686699999999999644e-01
7.607599999999999918e-01
6.017599999999999616e-01
6.109299999999999731e-01
9.872400000000000064e-01
6.192400000000000126e-01
6.470799999999999885e-01
6.230200000000000182e-01
9.903499999999999526e-01
8.751400000000000290e-01
5.808999999999999719e-01
9.539800000000000502e-01
6.183899999999999952e-01
9.855800000000000116e-01
7.156599999999999628e-01
7.990300000000000180e-01
9.042299999999999782e-01
8.751999999999999780e-01
8.197299999999999587e-01
5.956799999999999873e-01
5.813099999999999934e-01
6.691500000000000226e-01
9.552399999999999780e-01
7.724800000000000555e-01
8.169499999999999540e-01
6.783500000000000085e-01
9.050899999999999501e-01
8.783100000000000351e-01
7.223899999999999766e-01
6.645199999999999996e-01
7.392400000000000082e-01
7.639200000000000434e-01
7.628000000000000336e-01
6.632900000000000462e-01
9.715700000000000447e-01
6.013500000000000512e-01
8.958199999999999497e-01
7.678700000000000525e-01
9.025199999999999889e-01
7.254699999999999482e-01
6.215899999999999759e-01
8.524199999999999555e-01
9.508199999999999985e-01
7.510000000000000009e-01
7.551099999999999479e-01
9.639799999999999480e-01
6.943000000000000282e-01
5.863399999999999723e-01
7.683799999999999519e-01
7.053599999999999870e-01
8.777300000000000102e-01
9.727299999999999836e-01
7.314599999999999991e-01
6.512700000000000156e-01
8.768200000000000438e-01
6.328399999999999581e-01
6.559199999999999475e-01
6.109099999999999531e-01
6.776499999999999746e-01
6.787800000000000500e-01
9.469199999999999839e-01
9.563599999999999879e-01
9.886300000000000088e-01
6.011900000000000022e-01
7.828600000000000003e-01
9.229600000000000026e-01
6.926299999999999679e-01
6.132800000000000473e-01
6.574699999999999989e-01
7.762799999999999701e-01
7.247099999999999653e-01
5.921800000000000397e-01
9.145699999999999941e-01
8.860799999999999788e-01
8.647500000000000187e-01
9.764300000000000201e-01
6.688399999999999901e-01
6.538800000000000168e-01
7.883599999999999497e-01
9.242399999999999505e-01
9.579600000000000337e-01
8.925499999999999545e-01
9.584300000000000042e-01
8.104999999999999982e-01
9.073499999999999899e-01
9.871600000000000374e-01
9.453599999999999781e-01
9.669600000000000417e-01
7.874100000000000543e-01
7.673299999999999566e-01
9.521600000000000064e-01
8.188800000000000523e-01
7.494899999999999896e-01
8.415399999999999547e-01
7.052899999999999725e-01
7.983500000000000041e-01
9.539800000000000502e-01
6.572799999999999754e-01
9.876700000000000479e-01
9.111200000000000410e-01
7.679599999999999760e-01
7.785199999999999898e-01
9.202700000000000324e-01
7.145799999999999930e-01
6.562599999999999545e-01
8.406099999999999683e-01
9.116199999999999859e-01
9.127499999999999503e-01
6.790699999999999514e-01
9.547299999999999676e-01
5.992800000000000349e-01
7.854499999999999815e-01
9.242899999999999450e-01
7.751200000000000312e-01
9.807399999999999451e-01
8.407599999999999518e-01
7.129400000000000182e-01
7.788199999999999568e-01
8.897899999999999698e-01
6.291499999999999870e-01
6.770399999999999752e-01
5.862500000000000488e-01
9.650100000000000344e-01
7.514600000000000168e-01
9.560199999999999809e-01
5.994399999999999729e-01
5.792100000000000026e-01
6.655100000000000460e-01
8.039199999999999680e-01
7.532200000000000006e-01
6.170200000000000129e-01
8.520799999999999486e-01
8.638900000000000468e-01
9.790799999999999503e-01
8.023599999999999621e-01
9.311199999999999477e-01
6.397000000000000464e-01
6.971800000000000219e-01
8.692699999999999871e-01
9.019700000000000495e-01
6.935200000000000253e-01
9.905500000000000416e-01
7.441499999999999782e-01
9.904399999999999871e-01
9.499699999999999811e-01
6.543900000000000272e-01
6.192199999999999926e-01
6.889699999999999713e-01
7.880399999999999627e-01
9.202099999999999724e-01
6.801899999999999613e-01
7.711299999999999821e-01
9.561899999999999844e-01
9.827200000000000379e-01
9.128699999999999593e-01
7.867699999999999694e-01
6.663900000000000379e-01
7.777699999999999614e-01
9.040700000000000403e-01
8.324099999999999833e-01
7.684299999999999464e-01
7.112500000000000488e-01
7.529000000000000137e-01
5.870699999999999807e-01
6.167599999999999749e-01
6.735200000000000076e-01
9.135600000000000387e-01
7.301100000000000367e-01
9.825800000000000090e-01
6.445499999999999563e-01
8.744899999999999896e-01
5.858200000000000074e-01
8.470299999999999496e-01
5.947400000000000464e-01
6.983899999999999553e-01
6.804200000000000248e-01
6.076500000000000234e-01
6.958100000000000396e-01
6.727300000000000502e-01
7.767100000000000115e-01
8.620100000000000540e-01
8.006100000000000438e-01
9.265999999999999792e-01
9.037800000000000278e-01
5.803000000000000380e-01
6.766999999999999682e-01
7.396099999999999897e-01
5.983199999999999630e-01
8.932700000000000085e-01
9.216999999999999638e-01
9.241200000000000525e-01
6.158400000000000540e-01
7.790200000000000458e-01
7.324199999999999600e-01
7.160800000000000498e-01
8.191100000000000048e-01
6.048499999999999988e-01
9.682100000000000151e-01
9.303399999999999448e-01
9.861199999999999966e-01
7.676300000000000345e-01
7.624400000000000066e-01
6.024599999999999955e-01
6.994099999999999762e-01
9.897700000000000387e-01
6.082300000000000484e-01
7.964299999999999713e-01
8.367799999999999683e-01
8.820599999999999552e-01
9.880999999999999783e-01
6.739300000000000290e-01
6.835499999999999909e-01
9.860299999999999621e-01
6.517699999999999605e-01
6.833900000000000530e-01
8.801299999999999679e-01
6.883599999999999719e-01
8.858399999999999608e-01
9.870299999999999629e-01
5.950499999999999678e-01
9.205799999999999539e-01
7.039100000000000357e-01
9.328699999999999770e-01
9.333000000000000185e-01
7.936499999999999666e-01
7.752499999999999947e-01
9.471399999999999819e-01
8.338499999999999801e-01
6.993800000000000017e-01
7.048400000000000221e-01
8.433100000000000041e-01
8.512199999999999767e-01
9.316499999999999782e-01
9.601899999999999880e-01
6.517899999999999805e-01
9.014799999999999480e-01
8.923499999999999766e-01
7.692499999999999893e-01
6.844500000000000028e-01
8.734600000000000142e-01
8.582800000000000429e-01
6.918199999999999905e-01
8.286900000000000377e-01
8.402800000000000269e-01
7.427899999999999503e-01
8.090199999999999614e-01
9.473200000000000509e-01
